 0.731616,  0.000000,  0.000000,  0.000000,  0.000000,  1.642603,  -0.910987,  0.000000,  0.000000,  -0.910987,  1.642603,  0.000000,  0.000000,  0.000000,  0.000000,  0.731616,  
 0.752698,  0.000000,  0.000000,  0.000000,  0.000000,  1.548834,  -0.796136,  0.000000,  0.000000,  -0.796136,  1.548834,  0.000000,  0.000000,  0.000000,  0.000000,  0.752698,  
 0.770730,  0.000000,  0.000000,  0.000000,  0.000000,  1.477466,  -0.706735,  0.000000,  0.000000,  -0.706735,  1.477466,  0.000000,  0.000000,  0.000000,  0.000000,  0.770730,  
 0.786325,  0.000000,  0.000000,  0.000000,  0.000000,  1.421565,  -0.635240,  0.000000,  0.000000,  -0.635240,  1.421565,  0.000000,  0.000000,  0.000000,  0.000000,  0.786325,  
 0.799943,  0.000000,  0.000000,  0.000000,  0.000000,  1.376741,  -0.576798,  0.000000,  0.000000,  -0.576798,  1.376741,  0.000000,  0.000000,  0.000000,  0.000000,  0.799943,  
 0.811936,  0.000000,  0.000000,  0.000000,  0.000000,  1.340091,  -0.528155,  0.000000,  0.000000,  -0.528155,  1.340091,  0.000000,  0.000000,  0.000000,  0.000000,  0.811936,  
 0.822578,  0.000000,  0.000000,  0.000000,  0.000000,  1.309626,  -0.487049,  0.000000,  0.000000,  -0.487049,  1.309626,  0.000000,  0.000000,  0.000000,  0.000000,  0.822578,  
 0.832083,  0.000000,  0.000000,  0.000000,  0.000000,  1.283943,  -0.451861,  0.000000,  0.000000,  -0.451861,  1.283943,  0.000000,  0.000000,  0.000000,  0.000000,  0.832083,  
 0.840624,  0.000000,  0.000000,  0.000000,  0.000000,  1.262027,  -0.421403,  0.000000,  0.000000,  -0.421403,  1.262027,  0.000000,  0.000000,  0.000000,  0.000000,  0.840624,  
 0.848340,  0.000000,  0.000000,  0.000000,  0.000000,  1.243125,  -0.394785,  0.000000,  0.000000,  -0.394785,  1.243125,  0.000000,  0.000000,  0.000000,  0.000000,  0.848340,  
 0.855345,  0.000000,  0.000000,  0.000000,  0.000000,  1.226670,  -0.371325,  0.000000,  0.000000,  -0.371325,  1.226670,  0.000000,  0.000000,  0.000000,  0.000000,  0.855345,  
 0.861733,  0.000000,  0.000000,  0.000000,  0.000000,  1.212227,  -0.350494,  0.000000,  0.000000,  -0.350494,  1.212227,  0.000000,  0.000000,  0.000000,  0.000000,  0.861733,  
 0.867582,  0.000000,  0.000000,  0.000000,  0.000000,  1.199456,  -0.331874,  0.000000,  0.000000,  -0.331874,  1.199456,  0.000000,  0.000000,  0.000000,  0.000000,  0.867582,  
 0.872956,  0.000000,  0.000000,  0.000000,  0.000000,  1.188088,  -0.315131,  0.000000,  0.000000,  -0.315131,  1.188088,  0.000000,  0.000000,  0.000000,  0.000000,  0.872956,  
 0.877913,  0.000000,  0.000000,  0.000000,  0.000000,  1.177908,  -0.299996,  0.000000,  0.000000,  -0.299996,  1.177908,  0.000000,  0.000000,  0.000000,  0.000000,  0.877913,  
 0.882497,  0.000000,  0.000000,  0.000000,  0.000000,  1.168744,  -0.286247,  0.000000,  0.000000,  -0.286247,  1.168744,  0.000000,  0.000000,  0.000000,  0.000000,  0.882497,  
 0.886750,  0.000000,  0.000000,  0.000000,  0.000000,  1.160453,  -0.273703,  0.000000,  0.000000,  -0.273703,  1.160453,  0.000000,  0.000000,  0.000000,  0.000000,  0.886750,  
 0.890706,  0.000000,  0.000000,  0.000000,  0.000000,  1.152919,  -0.262213,  0.000000,  0.000000,  -0.262213,  1.152919,  0.000000,  0.000000,  0.000000,  0.000000,  0.890706,  
 0.894396,  0.000000,  0.000000,  0.000000,  0.000000,  1.146043,  -0.251648,  0.000000,  0.000000,  -0.251648,  1.146043,  0.000000,  0.000000,  0.000000,  0.000000,  0.894396,  
 0.897844,  0.000000,  0.000000,  0.000000,  0.000000,  1.139745,  -0.241901,  0.000000,  0.000000,  -0.241901,  1.139745,  0.000000,  0.000000,  0.000000,  0.000000,  0.897844,  
 0.901075,  0.000000,  0.000000,  0.000000,  0.000000,  1.133957,  -0.232881,  0.000000,  0.000000,  -0.232881,  1.133957,  0.000000,  0.000000,  0.000000,  0.000000,  0.901075,  
 0.904108,  0.000000,  0.000000,  0.000000,  0.000000,  1.128618,  -0.224510,  0.000000,  0.000000,  -0.224510,  1.128618,  0.000000,  0.000000,  0.000000,  0.000000,  0.904108,  
 0.906961,  0.000000,  0.000000,  0.000000,  0.000000,  1.123681,  -0.216720,  0.000000,  0.000000,  -0.216720,  1.123681,  0.000000,  0.000000,  0.000000,  0.000000,  0.906961,  
 0.909649,  0.000000,  0.000000,  0.000000,  0.000000,  1.119101,  -0.209453,  0.000000,  0.000000,  -0.209453,  1.119101,  0.000000,  0.000000,  0.000000,  0.000000,  0.909649,  
 0.912186,  0.000000,  0.000000,  0.000000,  0.000000,  1.114842,  -0.202657,  0.000000,  0.000000,  -0.202657,  1.114842,  0.000000,  0.000000,  0.000000,  0.000000,  0.912186,  
 0.914584,  0.000000,  0.000000,  0.000000,  0.000000,  1.110872,  -0.196288,  0.000000,  0.000000,  -0.196288,  1.110872,  0.000000,  0.000000,  0.000000,  0.000000,  0.914584,  
 0.916855,  0.000000,  0.000000,  0.000000,  0.000000,  1.107163,  -0.190308,  0.000000,  0.000000,  -0.190308,  1.107163,  0.000000,  0.000000,  0.000000,  0.000000,  0.916855,  
 0.919009,  0.000000,  0.000000,  0.000000,  0.000000,  1.103690,  -0.184681,  0.000000,  0.000000,  -0.184681,  1.103690,  0.000000,  0.000000,  0.000000,  0.000000,  0.919009,  
 0.921054,  0.000000,  0.000000,  0.000000,  0.000000,  1.100431,  -0.179377,  0.000000,  0.000000,  -0.179377,  1.100431,  0.000000,  0.000000,  0.000000,  0.000000,  0.921054,  
 0.922998,  0.000000,  0.000000,  0.000000,  0.000000,  1.097368,  -0.174370,  0.000000,  0.000000,  -0.174370,  1.097368,  0.000000,  0.000000,  0.000000,  0.000000,  0.922998,  
